1 1.46
2 5.76
3 4.69
4 4.20
5 4.83
6 2.35
7 6.35
8 1.91
9 2.80
10 3.26
11 7.02
12 5.21
13 1.46
14 5.76
15 4.69
16 4.20
17 2.35
18 6.35
19 1.91
20 2.80
21 3.26
22 7.02
23 5.21
24 1.46
25 5.76
26 4.69
27 4.20
28 3.26
29 7.02
30 5.21
31 1.46
32 5.76
33 4.69
34 4.20
35 4.20
36 1.46
37 5.76
38 4.69
39 4.20
40 1.91
41 2.80
42 3.26
43 7.02
44 5.21
45 1.46
46 5.76
47 4.69
48 4.20
49 5.21
50 1.46
51 5.76
52 4.69
53 4.20
54 2.80
55 3.26
56 7.02
57 5.21
58 1.46
59 5.76
60 4.69
61 4.20
62 4.69
63 4.20
64 3.26
65 2.80
66 3.26
67 7.02
68 5.21
69 1.46
70 5.76
71 4.69
72 4.20
73 4.69
74 4.20
75 3.26
76 7.02
77 1.91
78 2.80
79 3.26
80 7.02
81 5.21
82 1.46
83 5.76
84 4.69
85 4.20
86 2.80
87 3.26
88 7.02
89 5.21
90 1.46
91 5.76
92 4.69
93 4.20
94 2.35
95 6.35
96 1.91
97 2.80
98 3.26
99 7.02
100 5.21
