1 2.88
2 7.93
3 1.18
4 1.50
5 1.96
6 2.35
7 2.79
8 3.28
9 3.62
10 3.97
11 4.37
12 4.72
13 5.05
14 5.30
15 5.75
16 6.09
17 6.79
18 7.13
19 5.69
20 1.15
21 1.50
22 1.72
23 2.10
24 2.50
25 2.94
26 3.20
27 3.75
28 4.08
29 4.52
30 4.97
31 5.39
32 5.80
33 6.28
34 6.76
35 7.13
36 3.31
37 7.34
38 1.12
39 1.54
40 2.09
41 2.35
42 2.73
43 3.08
44 3.24
45 3.60
46 4.12
47 4.62
48 5.09
49 5.62
50 5.91
51 6.34
52 6.83
53 7.17
54 2.62
55 7.22
56 1.09
57 1.54
58 2.19
59 2.65
60 2.88
61 3.31
62 3.65
63 3.96
64 4.25
65 4.69
66 4.90
67 5.27
68 5.71
69 6.23
70 6.56
71 6.89
72 4.13
73 6.60
74 1.13
75 1.38
76 1.62
77 1.94
78 2.15
79 2.53
80 2.81
81 3.34
82 3.87
83 4.24
84 4.50
85 4.97
86 5.50
87 5.86
88 6.16
89 6.57
90 6.93
91 4.48
92 7.73
93 1.24
94 1.70
95 2.17
96 2.63
97 2.94
98 3.34
99 3.83
100 4.25
